((("puts" .
   [2 0 0 0])
  ("ARGV" .
   [0 0 1 0])
  ("num" .
   [6 0 0])
  ("tail" .
   [1 0 0 0])
  ("arr" .
   [1 0 0])
  ("str" .
   [3 0 0])
  ("t" .
   [1])
  ("test" .
   [1 0 0 0])
  ("Book" .
   [4 0 0 0])
  ("def" .
   [3 0 1])
  ("update" .
   [1 0 0 0 0 0])
  ("emacs-lisp-ac-setup" .
   [0 0 1 0 0 0 0 0 0 0 0 0 0 0 0 0 0 0 0])
  ("emacs-lisp-mode-hook" .
   [1 0 0 0 0 0 0 0 0 0 0 0 0 0 0 0 0 0 0 0])
  ("add-hook" .
   [0 0 0 0 0 0 0 1])
  ("emacs-lisp-modeの時" .
   [0 0 0 1 0 1 0 0 0 0 0 0 0 0 0 0 0])
  ("defun" .
   [0 0 0 1 0])
  ("ac-sources" .
   [0 0 0 0 0 1 0 0 0 3])
  ("tempbuf" .
   [0 0 1 0 0 0 0])
  ("setq" .
   [0 0 4 2])
  ("adjoin" .
   [0 0 1 0 0 0])
  ("ruby" .
   [1 0 0 0])
  ("sss" .
   [1 0 0])
  ("ruar" .
   [0 0 0 1])
  ("filename" .
   [1 0 1 1 4 0 0 0])
  ("file" .
   [1 0 0 0])
  ("line_num" .
   [0 0 0 0 2 0 0 0])
  ("text" .
   [1 0 1 0])
  ("word_num" .
   [0 0 0 1 0 0 0 0])
  ("char_num" .
   [0 0 0 0 1 0 0 0])
  ("word_arr" .
   [0 0 0 0 2 0 0 0])
  ("word" .
   [2 0 0 0])
  ("split" .
   [1 0 0 0 0])
  ("size" .
   [4 0 0 0])
  ("end" .
   [6 0 0])
  ("lineno" .
   [0 0 0 0 1 0])
  ("to_i" .
   [1 0 0 0])
  ("lib_dir" .
   [1 0 0 1 0 0 0])
  ("dir" .
   [6 0 0])
  ("each" .
   [1 0 0 0])
  ("name" .
   [1 0 0 0])
  ("print_libralies" .
   [0 0 1 0 0 0 0 0 0 0 0 0 0 0 0])
  ("target" .
   [4 0 1 0 1 0])
  ("FileTest" .
   [0 0 0 0 1 0 0 0])
  ("sum_size" .
   [1 0 0 1 0 0 0 0])
  ("return" .
   [0 0 0 1 0 0])))
